task_label=DEBUG_BROKEN_PIPELINE
seed=42
threshold=0.5
train_rows=90916
validation_rows=19482
test_rows=19482
validation_roc_auc=0.9265970966
validation_pr_auc=0.9308320819
validation_accuracy=0.8734729494
validation_precision=0.8688968147
validation_recall=0.8347117202
validation_f1_score=0.8514612835
test_roc_auc=0.9276691201
test_pr_auc=0.9316653387
test_accuracy=0.8739862437
test_precision=0.8711550340
test_recall=0.8331758034
test_f1_score=0.8517422550
