task_label=BASELINE_MODEL_NOTEBOOK
timestamp_utc=2026-03-15T21:58:22.851720+00:00
seed=42
threshold=0.5
train_rows=90916
validation_rows=19482
test_rows=19482
validation_roc_auc=0.926597
validation_pr_auc=0.930832
validation_accuracy=0.873473
validation_precision=0.868897
validation_recall=0.834712
validation_f1_score=0.851461
test_roc_auc=0.927669
test_pr_auc=0.931665
test_accuracy=0.873986
test_precision=0.871155
test_recall=0.833176
test_f1_score=0.851742
